

Software Version	3.17.17



Experiment File Path:	C:\Users\Samb\Desktop\Gen5-20260811-mgig-citrate_synthase-F05-ambient.xpt
Protocol File Path:	C:\Users\Public\Documents\Protocols\412nm-96-well.prt



Plate Number	Plate 1
Date	8/11/2026
Time	13:08:44
Reader Type:	Synergy HTX
Reader Serial Number:	25030704
Reading Type	Reader

Procedure Details

Plate Type	96 WELL PLATE (Use plate lid)
Well Selection	Runtime
Eject plate on completion	
Set Temperature	Setpoint 25°C, Gradient 0 °C
	Preheat before moving to next step
Start Kinetic	Runtime 0:40:00 (HH:MM:SS), Interval 0:02:00, 21 Reads
    Read	Absorbance Endpoint
	Full Plate
	Wavelengths:  412
	Read Speed: Normal,  Delay: 100 msec,  Measurements/Data Point: 8
End Kinetic	

Layout
	1	2	3	4	5	6	7	8	9	10	11	12
A	SPL1	SPL1	SPL1	SPL2	SPL2	SPL2	SPL3	SPL3	SPL3	SPL4	SPL4	SPL4	Well ID
	F05_01_ambient-citrate_synthase-10.1-df.0	F05_01_ambient-citrate_synthase-10.1-df.0	F05_01_ambient-citrate_synthase-10.1-df.0	F05_02_ambient-citrate_synthase-17.5-df.0	F05_02_ambient-citrate_synthase-17.5-df.0	F05_02_ambient-citrate_synthase-17.5-df.0	F05_03_ambient-citrate_synthase-22.3-df.0	F05_03_ambient-citrate_synthase-22.3-df.0	F05_03_ambient-citrate_synthase-22.3-df.0	F05_04_ambient-citrate_synthase-11.5-df.0	F05_04_ambient-citrate_synthase-11.5-df.0	F05_04_ambient-citrate_synthase-11.5-df.0	Name
B	SPL5	SPL5	SPL5	SPL6	SPL6	SPL6	SPL7	SPL7	SPL7	SPL8	SPL8	SPL8	Well ID
	F05_05_ambient-citrate_synthase-11.5-df.0	F05_05_ambient-citrate_synthase-11.5-df.0	F05_05_ambient-citrate_synthase-11.5-df.0	F05_06_ambient-citrate_synthase-30.2-df.0	F05_06_ambient-citrate_synthase-30.2-df.0	F05_06_ambient-citrate_synthase-30.2-df.0	F05_07_ambient-citrate_synthase-25.8-df.0	F05_07_ambient-citrate_synthase-25.8-df.0	F05_07_ambient-citrate_synthase-25.8-df.0	F05_08_ambient-citrate_synthase-30.6-df.0	F05_08_ambient-citrate_synthase-30.6-df.0	F05_08_ambient-citrate_synthase-30.6-df.0	Name
C	SPL9	SPL9	SPL9	SPL10	SPL10	SPL10	SPL11	SPL11	SPL11	SPL12	SPL12	SPL12	Well ID
	F05_01_ambient_BG-citrate_synthase-10.1-df.0	F05_01_ambient_BG-citrate_synthase-10.1-df.0	F05_01_ambient_BG-citrate_synthase-10.1-df.0	F05_02_ambient_BG-citrate_synthase-17.5-df.0	F05_02_ambient_BG-citrate_synthase-17.5-df.0	F05_02_ambient_BG-citrate_synthase-17.5-df.0	F05_03_ambient_BG-citrate_synthase-22.3-df.0	F05_03_ambient_BG-citrate_synthase-22.3-df.0	F05_03_ambient_BG-citrate_synthase-22.3-df.0	F05_04_ambient_BG-citrate_synthase-14.0-df.0	F05_04_ambient_BG-citrate_synthase-14.0-df.0	F05_04_ambient_BG-citrate_synthase-14.0-df.0	Name
D	SPL13	SPL13	SPL13	SPL14	SPL14	SPL14	SPL15	SPL15	SPL15	SPL16	SPL16	SPL16	Well ID
	F05_05_ambient_BG-citrate_synthase-11.5-df.0	F05_05_ambient_BG-citrate_synthase-11.5-df.0	F05_05_ambient_BG-citrate_synthase-11.5-df.0	F05_06_ambient_BG-citrate_synthase-30.2-df.0	F05_06_ambient_BG-citrate_synthase-30.2-df.0	F05_06_ambient_BG-citrate_synthase-30.2-df.0	F05_07_ambient_BG-citrate_synthase-25.8-df.0	F05_07_ambient_BG-citrate_synthase-25.8-df.0	F05_07_ambient_BG-citrate_synthase-25.8-df.0	F05_08_ambient_BG-citrate_synthase-30.6-df.0	F05_08_ambient_BG-citrate_synthase-30.6-df.0	F05_08_ambient_BG-citrate_synthase-30.6-df.0	Name
E	SPL17	SPL17	SPL17	SPL18	SPL18	SPL18	SPL19	SPL19	SPL19	SPL20	SPL20	SPL20	Well ID
	STD-citrate_synthase-0	STD-citrate_synthase-0	STD-citrate_synthase-0	STD-citrate_synthase-8	STD-citrate_synthase-8	STD-citrate_synthase-8	STD-citrate_synthase-16	STD-citrate_synthase-16	STD-citrate_synthase-16	STD-citrate_synthase-24	STD-citrate_synthase-24	STD-citrate_synthase-24	Name
F	SPL21	SPL21	SPL21	SPL22	SPL22	SPL22	SPL23	SPL23	SPL23				Well ID
	STD-citrate_synthase-32	STD-citrate_synthase-32	STD-citrate_synthase-32	STD-citrate_synthase-40	STD-citrate_synthase-40	STD-citrate_synthase-40	POS-citrate_synthase	POS-citrate_synthase	POS-citrate_synthase				Name
G													Well ID
													Name
H													Well ID
													Name

412

Time	T° 412	A1	A2	A3	A4	A5	A6	A7	A8	A9	A10	A11	A12	B1	B2	B3	B4	B5	B6	B7	B8	B9	B10	B11	B12	C1	C2	C3	C4	C5	C6	C7	C8	C9	C10	C11	C12	D1	D2	D3	D4	D5	D6	D7	D8	D9	D10	D11	D12	E1	E2	E3	E4	E5	E6	E7	E8	E9	E10	E11	E12	F1	F2	F3	F4	F5	F6	F7	F8	F9
0:00:00	25.0	0.126	0.129	0.125	0.135	0.154	0.287	0.154	0.155	0.154	0.129	0.136	0.671	0.650	0.669	0.929	0.322	0.841	0.169	0.161	0.149	0.147	0.228	0.193	0.184	0.057	0.405	0.051	0.055	0.812	0.051	0.748	0.059	0.050	0.056	0.050	0.566	0.237	0.097	0.053	0.301	0.817	0.063	0.070	0.061	0.058	0.061	0.076	0.050	0.100	0.871	0.095	0.406	0.421	1.222	1.349	0.777	1.167	1.791	1.425	0.890	2.052	2.135	1.695	2.189	1.929	2.101	0.229	0.236	0.216
0:02:00	25.0	0.143	0.145	0.141	0.154	0.176	0.290	0.179	0.182	0.180	0.148	0.157	0.639	0.678	0.683	0.940	0.350	0.870	0.196	0.188	0.172	0.171	0.263	0.223	0.217	0.058	0.407	0.051	0.055	0.813	0.051	0.709	0.057	0.049	0.056	0.050	0.557	0.225	0.096	0.054	0.297	0.802	0.062	0.070	0.062	0.059	0.062	0.076	0.050	0.100	0.858	0.095	0.404	0.420	1.205	1.337	0.771	1.162	1.782	1.454	0.887	2.032	2.115	1.670	2.171	1.913	2.083	0.232	0.239	0.220
0:04:00	25.0	0.160	0.160	0.157	0.172	0.197	0.306	0.198	0.202	0.199	0.166	0.176	0.643	0.673	0.669	0.944	0.366	0.868	0.217	0.210	0.192	0.192	0.281	0.238	0.230	0.058	0.394	0.051	0.056	0.796	0.051	0.666	0.058	0.048	0.057	0.051	0.543	0.213	0.094	0.053	0.272	0.787	0.061	0.070	0.062	0.060	0.062	0.077	0.051	0.100	0.857	0.095	0.402	0.416	1.189	1.322	0.764	1.149	1.770	1.427	0.884	2.010	2.090	1.649	2.149	1.899	2.063	0.236	0.242	0.224
0:06:00	25.0	0.176	0.175	0.172	0.189	0.216	0.314	0.209	0.216	0.210	0.181	0.191	0.639	0.705	0.708	0.954	0.373	0.878	0.231	0.227	0.206	0.207	0.288	0.245	0.237	0.058	0.406	0.051	0.056	0.794	0.051	0.626	0.059	0.048	0.057	0.051	0.531	0.199	0.091	0.054	0.226	0.771	0.060	0.071	0.063	0.061	0.062	0.077	0.051	0.100	0.861	0.095	0.400	0.413	1.172	1.309	0.757	1.137	1.750	1.399	0.881	1.984	2.061	1.628	2.128	1.882	2.044	0.239	0.246	0.229
0:08:00	25.0	0.191	0.188	0.186	0.203	0.231	0.318	0.216	0.223	0.217	0.195	0.204	0.620	0.747	0.740	0.953	0.372	0.878	0.239	0.237	0.216	0.217	0.292	0.250	0.240	0.058	0.418	0.051	0.056	0.788	0.050	0.594	0.059	0.048	0.057	0.052	0.521	0.187	0.089	0.054	0.199	0.755	0.060	0.071	0.063	0.062	0.063	0.078	0.051	0.100	0.860	0.095	0.398	0.411	1.141	1.294	0.751	1.123	1.734	1.373	0.878	1.958	2.036	1.605	2.107	1.859	2.025	0.243	0.250	0.234
0:10:00	25.0	0.203	0.200	0.199	0.214	0.242	0.320	0.221	0.229	0.222	0.205	0.213	0.589	0.785	0.752	0.946	0.371	0.875	0.244	0.244	0.223	0.224	0.295	0.254	0.244	0.059	0.434	0.051	0.056	0.779	0.049	0.566	0.060	0.048	0.057	0.052	0.510	0.175	0.086	0.054	0.177	0.732	0.060	0.071	0.063	0.063	0.063	0.078	0.051	0.100	0.859	0.095	0.396	0.408	0.940	1.278	0.745	1.109	1.724	1.346	0.875	1.928	2.013	1.581	2.089	1.843	2.004	0.248	0.253	0.238
0:12:00	25.0	0.213	0.211	0.210	0.223	0.250	0.319	0.226	0.235	0.227	0.213	0.220	0.550	0.829	0.783	0.935	0.368	0.873	0.249	0.249	0.229	0.229	0.299	0.258	0.247	0.059	0.446	0.052	0.057	0.766	0.049	0.543	0.061	0.048	0.058	0.053	0.500	0.166	0.083	0.055	0.159	0.709	0.060	0.071	0.064	0.064	0.064	0.079	0.051	0.100	0.852	0.096	0.394	0.406	0.895	1.260	0.739	1.094	1.735	1.321	0.873	1.898	1.979	1.557	2.065	1.826	1.986	0.252	0.258	0.244
0:14:00	25.0	0.222	0.220	0.219	0.230	0.256	0.315	0.230	0.240	0.232	0.220	0.226	0.513	0.872	0.821	0.914	0.366	0.872	0.254	0.254	0.233	0.234	0.302	0.262	0.251	0.059	0.463	0.052	0.057	0.750	0.049	0.517	0.062	0.049	0.058	0.053	0.490	0.157	0.080	0.055	0.145	0.681	0.060	0.072	0.064	0.065	0.064	0.079	0.052	0.100	0.839	0.096	0.393	0.405	0.852	1.240	0.733	1.075	1.801	1.298	0.871	1.868	1.926	1.534	2.043	1.810	1.968	0.257	0.263	0.249
0:16:00	25.0	0.229	0.228	0.228	0.238	0.261	0.310	0.235	0.244	0.236	0.226	0.231	0.471	0.915	0.861	0.892	0.366	0.869	0.259	0.259	0.238	0.239	0.305	0.266	0.255	0.060	0.476	0.052	0.057	0.731	0.048	0.498	0.063	0.049	0.058	0.054	0.475	0.149	0.075	0.056	0.132	0.655	0.061	0.072	0.065	0.065	0.065	0.080	0.052	0.100	0.815	0.096	0.391	0.403	0.808	1.220	0.727	1.060	1.778	1.257	0.868	1.835	1.886	1.513	2.018	1.795	1.949	0.261	0.268	0.255
0:18:00	25.0	0.236	0.234	0.235	0.243	0.265	0.307	0.239	0.250	0.241	0.232	0.236	0.432	0.955	0.885	0.877	0.365	0.867	0.265	0.263	0.243	0.244	0.309	0.270	0.259	0.060	0.492	0.053	0.057	0.709	0.048	0.478	0.064	0.049	0.059	0.054	0.461	0.141	0.072	0.056	0.122	0.631	0.062	0.072	0.065	0.065	0.065	0.080	0.052	0.100	0.787	0.096	0.389	0.401	0.766	1.199	0.721	1.045	1.810	1.242	0.866	1.803	1.843	1.494	1.994	1.779	1.931	0.266	0.273	0.260
0:20:00	25.0	0.242	0.240	0.241	0.249	0.269	0.305	0.244	0.255	0.246	0.237	0.241	0.397	0.999	0.914	0.844	0.363	0.864	0.270	0.268	0.248	0.248	0.313	0.274	0.263	0.061	0.508	0.053	0.058	0.686	0.054	0.462	0.064	0.050	0.059	0.054	0.444	0.133	0.069	0.056	0.114	0.605	0.062	0.072	0.065	0.065	0.065	0.080	0.052	0.100	0.755	0.096	0.388	0.399	0.721	1.177	0.716	1.030	1.809	1.231	0.864	1.770	1.803	1.475	1.971	1.764	1.912	0.269	0.279	0.265
0:22:00	25.0	0.247	0.245	0.248	0.254	0.274	0.302	0.249	0.261	0.251	0.242	0.246	0.367	1.025	0.929	0.831	0.363	0.857	0.275	0.273	0.253	0.253	0.316	0.278	0.267	0.061	0.520	0.054	0.057	0.664	0.054	0.447	0.064	0.051	0.059	0.055	0.430	0.125	0.067	0.056	0.107	0.582	0.063	0.072	0.065	0.066	0.066	0.080	0.052	0.100	0.717	0.096	0.386	0.399	0.679	1.152	0.711	1.011	1.792	1.259	0.861	1.746	1.773	1.458	1.946	1.747	1.894	0.275	0.284	0.271
0:24:00	25.0	0.252	0.251	0.253	0.259	0.277	0.299	0.254	0.266	0.256	0.247	0.251	0.345	1.057	0.953	0.800	0.361	0.847	0.280	0.277	0.257	0.258	0.320	0.282	0.271	0.062	0.533	0.054	0.058	0.641	0.053	0.433	0.064	0.051	0.059	0.055	0.408	0.117	0.064	0.057	0.101	0.559	0.064	0.072	0.066	0.066	0.066	0.080	0.053	0.100	0.680	0.096	0.384	0.398	0.645	1.129	0.707	0.992	1.770	1.274	0.859	1.733	1.742	1.441	1.922	1.732	1.876	0.280	0.289	0.276
0:26:00	25.0	0.257	0.256	0.259	0.264	0.283	0.297	0.259	0.271	0.261	0.252	0.256	0.326	1.074	0.962	0.785	0.361	0.833	0.285	0.282	0.262	0.262	0.323	0.287	0.275	0.062	0.552	0.054	0.058	0.618	0.053	0.419	0.064	0.052	0.060	0.055	0.393	0.110	0.062	0.057	0.096	0.537	0.064	0.072	0.066	0.066	0.066	0.081	0.053	0.100	0.641	0.097	0.382	0.395	0.615	1.107	0.702	0.974	1.744	1.255	0.857	1.800	1.715	1.426	1.896	1.716	1.857	0.285	0.295	0.282
0:28:00	25.0	0.262	0.261	0.264	0.269	0.291	0.298	0.264	0.277	0.266	0.257	0.261	0.314	1.080	0.971	0.766	0.361	0.817	0.290	0.287	0.268	0.267	0.327	0.291	0.279	0.063	0.580	0.054	0.058	0.595	0.053	0.408	0.064	0.053	0.060	0.055	0.373	0.103	0.061	0.057	0.092	0.517	0.065	0.072	0.066	0.066	0.067	0.081	0.054	0.100	0.602	0.097	0.381	0.392	0.587	1.087	0.697	0.957	1.711	1.234	0.854	1.764	1.690	1.411	1.870	1.700	1.839	0.288	0.301	0.287
0:30:00	25.0	0.267	0.266	0.270	0.274	0.295	0.336	0.269	0.282	0.272	0.262	0.266	0.309	1.075	0.973	0.743	0.361	0.800	0.295	0.291	0.272	0.272	0.331	0.295	0.283	0.063	0.607	0.054	0.058	0.574	0.053	0.394	0.064	0.054	0.060	0.056	0.353	0.097	0.060	0.058	0.089	0.499	0.066	0.072	0.066	0.066	0.067	0.081	0.054	0.100	0.563	0.097	0.379	0.391	0.562	1.067	0.692	0.936	1.675	1.215	0.852	1.728	1.662	1.396	1.846	1.684	1.822	0.294	0.306	0.293
0:32:00	25.0	0.271	0.271	0.275	0.279	0.300	0.331	0.273	0.287	0.277	0.267	0.272	0.314	1.071	0.972	0.725	0.362	0.780	0.300	0.296	0.278	0.276	0.335	0.299	0.287	0.063	0.621	0.055	0.059	0.553	0.054	0.384	0.064	0.054	0.061	0.056	0.330	0.091	0.060	0.058	0.086	0.478	0.067	0.072	0.066	0.066	0.067	0.081	0.054	0.100	0.528	0.097	0.378	0.389	0.539	1.049	0.686	0.917	1.630	1.194	0.850	1.697	1.639	1.382	1.823	1.667	1.804	0.299	0.312	0.298
0:34:00	25.0	0.276	0.276	0.280	0.284	0.304	0.330	0.278	0.292	0.281	0.271	0.277	0.318	1.059	0.968	0.711	0.364	0.760	0.305	0.300	0.282	0.281	0.338	0.303	0.291	0.064	0.637	0.055	0.058	0.529	0.053	0.373	0.064	0.055	0.061	0.056	0.311	0.087	0.059	0.058	0.083	0.462	0.068	0.072	0.066	0.066	0.067	0.081	0.054	0.100	0.497	0.097	0.376	0.388	0.522	1.029	0.680	0.896	1.582	1.169	0.848	1.663	1.613	1.368	1.799	1.653	1.787	0.305	0.318	0.303
0:36:00	25.0	0.281	0.281	0.284	0.289	0.309	0.330	0.283	0.297	0.286	0.276	0.282	0.322	1.035	0.954	0.694	0.366	0.737	0.310	0.304	0.287	0.286	0.342	0.308	0.295	0.061	0.655	0.060	0.059	0.493	0.054	0.363	0.064	0.056	0.061	0.056	0.293	0.084	0.059	0.058	0.081	0.443	0.068	0.072	0.066	0.066	0.068	0.081	0.054	0.100	0.469	0.098	0.374	0.386	0.506	1.011	0.675	0.878	1.539	1.143	0.846	1.634	1.587	1.355	1.778	1.640	1.770	0.311	0.323	0.309
0:38:00	25.0	0.285	0.286	0.289	0.293	0.313	0.329	0.288	0.302	0.291	0.281	0.287	0.327	1.004	0.943	0.681	0.369	0.715	0.315	0.309	0.292	0.290	0.345	0.312	0.299	0.057	0.674	0.060	0.059	0.469	0.054	0.352	0.064	0.056	0.061	0.057	0.276	0.082	0.060	0.058	0.079	0.428	0.069	0.073	0.067	0.066	0.068	0.082	0.054	0.100	0.444	0.098	0.373	0.385	0.494	0.994	0.670	0.858	1.502	1.124	0.843	1.602	1.565	1.342	1.757	1.627	1.754	0.316	0.329	0.314
0:40:00	25.0	0.290	0.291	0.294	0.297	0.317	0.328	0.292	0.307	0.296	0.286	0.292	0.331	0.968	0.925	0.667	0.372	0.696	0.319	0.313	0.297	0.295	0.348	0.316	0.303	0.057	0.691	0.060	0.059	0.453	0.054	0.342	0.065	0.057	0.061	0.057	0.260	0.079	0.060	0.058	0.077	0.409	0.070	0.073	0.067	0.066	0.068	0.081	0.054	0.100	0.418	0.099	0.372	0.384	0.483	1.099	0.666	0.841	1.473	1.108	0.841	1.572	1.542	1.329	1.737	1.614	1.738	0.322	0.335	0.320

Results
	1	2	3	4	5	6	7	8	9	10	11	12
A	8.150	7.470	7.670	8.550	9.700	5.090	7.675	8.520	7.860	8.300	8.570	-19.665	Max V [412]
	0.998	0.999	0.999	0.996	0.994	0.685	0.943	0.951	0.944	0.996	0.990	1.000	R-Squared [412]
	0:04:00	0:04:00	0:04:00	0:04:00	0:04:00	0:28:00	0:04:00	0:04:00	0:04:00	0:04:00	0:04:00	0:14:00	t at Max V [412]
	?????	?????	?????	?????	?????	0:22:59	?????	?????	?????	?????	?????	0:05:51	Lagtime [412]
B	21.325	17.190	-11.465	6.115	-10.680	8.750	9.585	8.485	8.800	7.650	6.865	6.625	Max V [412]
	1.000	0.995	0.983	0.825	0.999	0.952	0.970	0.975	0.975	0.857	0.876	0.845	R-Squared [412]
	0:14:00	0:14:00	0:20:00	0:04:00	0:36:00	0:04:00	0:04:00	0:04:00	0:04:00	0:04:00	0:04:00	0:04:00	t at Max V [412]
	0:03:38	0:05:11	0:13:02	?????	0:26:22	?????	?????	?????	?????	?????	?????	?????	Lagtime [412]
C	-0.915	11.550	0.850	0.195	-13.445	0.835	-19.505	0.470	0.395	0.170	0.300	-10.320	Max V [412]
	0.846	0.990	0.783	0.980	0.992	0.701	0.998	0.996	0.996	0.973	0.998	0.999	R-Squared [412]
	0:36:00	0:28:00	0:34:00	0:10:00	0:34:00	0:20:00	0:04:00	0:10:00	0:28:00	0:08:00	0:08:00	0:30:00	t at Max V [412]
	0:39:35	0:13:00	0:26:23	0:03:08	0:12:33	0:19:46	?????	0:07:50	0:20:36	0:02:14	0:01:56	0:09:16	Lagtime [412]
D	-6.275	-1.795	0.205	-15.560	-12.910	0.400	0.180	0.215	0.575	0.260	0.285	0.180	Max V [412]
	0.999	0.997	0.993	0.984	0.999	0.995	0.947	0.998	0.985	0.990	0.988	0.888	R-Squared [412]
	0:04:00	0:14:00	0:14:00	0:06:00	0:16:00	0:30:00	0:06:00	0:08:00	0:04:00	0:14:00	0:04:00	0:28:00	t at Max V [412]
	?????	0:04:06	0:05:01	0:01:42	0:03:35	0:22:36	0:03:07	0:00:45	?????	0:02:18	?????	0:10:13	Lagtime [412]
E	-0.035	-19.285	0.185	-0.995	-1.395	-44.395	-11.595	-3.260	-9.845	-21.885	-14.050	-1.515	Max V [412]
	0.533	1.000	0.983	1.000	0.985	0.913	0.999	1.000	0.999	0.998	0.988	0.998	R-Squared [412]
	0:04:00	0:26:00	0:36:00	0:04:00	0:06:00	0:10:00	0:22:00	0:06:00	0:32:00	0:32:00	0:12:00	0:04:00	t at Max V [412]
	?????	0:14:03	0:21:05	?????	0:00:31	0:04:59	0:05:07	0:00:07	0:06:35	0:24:31	0:04:29	0:00:02	Lagtime [412]
F	-17.025	-21.700	-11.840	-12.575	-9.265	-9.710	2.825	2.830	2.740				Max V [412]
	0.999	0.997	1.000	1.000	0.995	1.000	1.000	1.000	1.000				R-Squared [412]
	0:30:00	0:16:00	0:10:00	0:24:00	0:08:00	0:06:00	0:36:00	0:28:00	0:20:00				t at Max V [412]
	0:11:07	0:04:35	0:00:24	0:02:40	0:00:44	0:00:08	0:07:13	0:05:09	0:02:02				Lagtime [412]
G													Max V [412]
													R-Squared [412]
													t at Max V [412]
													Lagtime [412]
H													Max V [412]
													R-Squared [412]
													t at Max V [412]
													Lagtime [412]

